>NNNNNNMTATATAHNNNNNN	1-NNNNNNMTATATAHNNNNNN	4.979592	-41.500273	0	T:189.0(55.43%),B:12271.0(32.21%),P:1e-18
0.250	0.250	0.250	0.250
0.250	0.250	0.250	0.250
0.250	0.250	0.250	0.250
0.250	0.250	0.250	0.250
0.250	0.250	0.250	0.250
0.250	0.250	0.250	0.250
0.335	0.368	0.089	0.208
0.174	0.184	0.107	0.535
0.517	0.171	0.144	0.168
0.097	0.162	0.098	0.643
0.522	0.141	0.225	0.112
0.109	0.209	0.137	0.545
0.532	0.113	0.176	0.179
0.339	0.341	0.096	0.224
0.250	0.250	0.250	0.250
0.250	0.250	0.250	0.250
0.250	0.250	0.250	0.250
0.250	0.250	0.250	0.250
0.250	0.250	0.250	0.250
0.250	0.250	0.250	0.250
>WTTGTTGTGKTAGTATTAAT	2-WTTGTTGTGKTAGTATTAAT	14.585224	-37.883257	0	T:12.0(3.52%),B:26.0(0.07%),P:1e-16
0.483	0.001	0.023	0.493
0.321	0.001	0.001	0.677
0.332	0.001	0.184	0.483
0.001	0.001	0.666	0.332
0.001	0.161	0.161	0.677
0.161	0.001	0.161	0.677
0.001	0.001	0.997	0.001
0.001	0.001	0.001	0.997
0.001	0.001	0.997	0.001
0.001	0.001	0.505	0.493
0.001	0.001	0.001	0.997
0.997	0.001	0.001	0.001
0.001	0.001	0.997	0.001
0.001	0.001	0.001	0.997
0.506	0.001	0.161	0.332
0.322	0.184	0.011	0.483
0.321	0.001	0.001	0.677
0.483	0.172	0.161	0.184
0.838	0.001	0.001	0.160
0.161	0.001	0.161	0.677
>NNNNNNTATAAATANNNNNN	3-NNNNNNTATAAATANNNNNN	7.108168	-35.037106	0	T:152.0(44.57%),B:9347.0(24.54%),P:1e-15
0.250	0.250	0.250	0.250
0.250	0.250	0.250	0.250
0.250	0.250	0.250	0.250
0.250	0.250	0.250	0.250
0.250	0.250	0.250	0.250
0.250	0.250	0.250	0.250
0.001	0.001	0.001	0.997
0.997	0.001	0.001	0.001
0.001	0.001	0.001	0.997
0.997	0.001	0.001	0.001
0.914	0.001	0.084	0.001
0.997	0.001	0.001	0.001
0.001	0.226	0.001	0.772
0.997	0.001	0.001	0.001
0.250	0.250	0.250	0.250
0.250	0.250	0.250	0.250
0.250	0.250	0.250	0.250
0.250	0.250	0.250	0.250
0.250	0.250	0.250	0.250
0.250	0.250	0.250	0.250
>NNNNNNATGACGTANNNNNN	4-NNNNNNATGACGTANNNNNN	6.858131	-30.182288	0	T:111.0(32.55%),B:6164.0(16.18%),P:1e-13
0.250	0.250	0.250	0.250
0.250	0.250	0.250	0.250
0.250	0.250	0.250	0.250
0.250	0.250	0.250	0.250
0.250	0.250	0.250	0.250
0.250	0.250	0.250	0.250
0.843	0.015	0.106	0.036
0.001	0.027	0.001	0.971
0.088	0.001	0.769	0.142
0.997	0.001	0.001	0.001
0.165	0.723	0.001	0.111
0.001	0.017	0.981	0.001
0.054	0.001	0.001	0.944
0.820	0.001	0.103	0.076
0.250	0.250	0.250	0.250
0.250	0.250	0.250	0.250
0.250	0.250	0.250	0.250
0.250	0.250	0.250	0.250
0.250	0.250	0.250	0.250
0.250	0.250	0.250	0.250
>TTTATTTATACTARDKWDWT	5-TTTATTTATACTARDKWDWT	10.571228	-25.461448	0	T:69.0(20.23%),B:3204.0(8.41%),P:1e-11
0.295	0.050	0.003	0.652
0.244	0.051	0.241	0.464
0.255	0.101	0.157	0.488
0.505	0.051	0.191	0.253
0.301	0.108	0.100	0.491
0.198	0.240	0.099	0.463
0.003	0.001	0.004	0.992
0.701	0.297	0.001	0.001
0.254	0.001	0.001	0.744
0.610	0.001	0.001	0.388
0.001	0.840	0.158	0.001
0.001	0.001	0.001	0.997
0.997	0.001	0.001	0.001
0.350	0.001	0.459	0.190
0.288	0.001	0.361	0.350
0.257	0.005	0.299	0.439
0.508	0.001	0.092	0.399
0.292	0.149	0.299	0.260
0.452	0.101	0.001	0.446
0.243	0.053	0.050	0.654
>NNNNNNATGCATGANNNNNN	6-NNNNNNATGCATGANNNNNN	5.567567	-25.022713	0	T:124.0(36.36%),B:7839.0(20.58%),P:1e-10
0.250	0.250	0.250	0.250
0.250	0.250	0.250	0.250
0.250	0.250	0.250	0.250
0.250	0.250	0.250	0.250
0.250	0.250	0.250	0.250
0.250	0.250	0.250	0.250
0.904	0.022	0.073	0.001
0.001	0.001	0.001	0.997
0.048	0.001	0.950	0.001
0.001	0.997	0.001	0.001
0.962	0.001	0.036	0.001
0.069	0.001	0.001	0.929
0.061	0.099	0.739	0.101
0.642	0.081	0.218	0.059
0.250	0.250	0.250	0.250
0.250	0.250	0.250	0.250
0.250	0.250	0.250	0.250
0.250	0.250	0.250	0.250
0.250	0.250	0.250	0.250
0.250	0.250	0.250	0.250
>WWWATWTATRCGYAWWTAWW	7-WWWATWTATRCGYAWWTAWW	8.095198	-24.925617	0	T:146.0(42.82%),B:9922.0(26.05%),P:1e-10
0.257	0.207	0.140	0.396
0.386	0.182	0.133	0.299
0.306	0.133	0.191	0.371
0.470	0.132	0.124	0.274
0.257	0.141	0.116	0.486
0.428	0.100	0.058	0.415
0.016	0.182	0.001	0.801
0.893	0.001	0.040	0.066
0.100	0.058	0.008	0.834
0.413	0.001	0.553	0.033
0.066	0.792	0.141	0.001
0.263	0.066	0.513	0.158
0.116	0.445	0.008	0.430
0.843	0.008	0.124	0.025
0.266	0.205	0.124	0.405
0.445	0.116	0.124	0.314
0.216	0.221	0.115	0.448
0.462	0.116	0.133	0.289
0.282	0.180	0.158	0.380
0.379	0.149	0.174	0.297
>AMCAWRACTATATGWHDATT	8-AMCAWRACTATATGWHDATT	14.508295	-24.410115	0	T:9.0(2.64%),B:32.0(0.08%),P:1e-10
0.549	0.217	0.117	0.117
0.333	0.450	0.216	0.001
0.217	0.433	0.117	0.234
0.550	0.001	0.333	0.116
0.450	0.001	0.116	0.433
0.333	0.001	0.450	0.216
0.997	0.001	0.001	0.001
0.001	0.997	0.001	0.001
0.216	0.001	0.001	0.782
0.997	0.001	0.001	0.001
0.001	0.001	0.001	0.997
0.997	0.001	0.001	0.001
0.001	0.001	0.001	0.997
0.001	0.001	0.997	0.001
0.433	0.117	0.117	0.333
0.333	0.217	0.117	0.333
0.333	0.117	0.217	0.333
0.767	0.001	0.116	0.116
0.001	0.001	0.216	0.782
0.001	0.216	0.001	0.782
>AMWMAHACACACACACAHAC	9-AMWMAHACACACACACAHAC	8.160118	-23.379017	0	T:124.0(36.36%),B:8031.0(21.08%),P:1e-10
0.583	0.055	0.001	0.361
0.304	0.446	0.028	0.222
0.500	0.028	0.028	0.444
0.305	0.445	0.110	0.139
0.749	0.001	0.028	0.222
0.387	0.363	0.001	0.249
0.944	0.001	0.001	0.054
0.083	0.833	0.028	0.056
0.971	0.001	0.001	0.027
0.029	0.638	0.001	0.332
0.971	0.001	0.027	0.001
0.139	0.805	0.001	0.055
0.997	0.001	0.001	0.001
0.027	0.834	0.001	0.138
0.833	0.001	0.055	0.111
0.250	0.582	0.001	0.167
0.723	0.028	0.083	0.166
0.305	0.390	0.055	0.249
0.475	0.138	0.193	0.193
0.194	0.528	0.028	0.250
>NNNNNNGTCAACGTNNNNNN	10-NNNNNNGTCAACGTNNNNNN	7.123358	-22.728928	0	T:84.0(24.63%),B:4601.0(12.08%),P:1e-9
0.250	0.250	0.250	0.250
0.250	0.250	0.250	0.250
0.250	0.250	0.250	0.250
0.250	0.250	0.250	0.250
0.250	0.250	0.250	0.250
0.250	0.250	0.250	0.250
0.001	0.001	0.808	0.190
0.001	0.001	0.001	0.997
0.001	0.997	0.001	0.001
0.913	0.063	0.013	0.011
0.946	0.001	0.001	0.052
0.176	0.822	0.001	0.001
0.070	0.096	0.719	0.115
0.028	0.131	0.001	0.840
0.250	0.250	0.250	0.250
0.250	0.250	0.250	0.250
0.250	0.250	0.250	0.250
0.250	0.250	0.250	0.250
0.250	0.250	0.250	0.250
0.250	0.250	0.250	0.250
>WWTWTATATGGTACWWTWWD	11-WWTWTATATGGTACWWTWWD	9.836072	-22.389904	0	T:40.0(11.73%),B:1406.0(3.69%),P:1e-9
0.286	0.112	0.187	0.414
0.362	0.136	0.189	0.312
0.262	0.186	0.137	0.414
0.450	0.086	0.162	0.302
0.286	0.125	0.112	0.477
0.463	0.087	0.275	0.175
0.025	0.001	0.025	0.949
0.912	0.001	0.001	0.086
0.024	0.001	0.001	0.974
0.073	0.037	0.840	0.050
0.050	0.001	0.899	0.050
0.077	0.025	0.012	0.886
0.901	0.025	0.037	0.037
0.087	0.751	0.062	0.100
0.314	0.112	0.186	0.387
0.277	0.150	0.162	0.411
0.250	0.125	0.198	0.427
0.348	0.177	0.137	0.337
0.364	0.050	0.175	0.411
0.313	0.125	0.250	0.312
>NNNNNNTTCTTAATNNNNNN	12-NNNNNNTTCTTAATNNNNNN	7.803846	-21.478086	0	T:115.0(33.72%),B:7432.0(19.51%),P:1e-9
0.250	0.250	0.250	0.250
0.250	0.250	0.250	0.250
0.250	0.250	0.250	0.250
0.250	0.250	0.250	0.250
0.250	0.250	0.250	0.250
0.250	0.250	0.250	0.250
0.184	0.001	0.001	0.814
0.001	0.001	0.001	0.997
0.001	0.997	0.001	0.001
0.001	0.001	0.001	0.997
0.001	0.001	0.001	0.997
0.825	0.001	0.173	0.001
0.997	0.001	0.001	0.001
0.001	0.001	0.250	0.748
0.250	0.250	0.250	0.250
0.250	0.250	0.250	0.250
0.250	0.250	0.250	0.250
0.250	0.250	0.250	0.250
0.250	0.250	0.250	0.250
0.250	0.250	0.250	0.250
>TTATDAAATTATTCVWATAT	13-TTATDAAATTATTCVWATAT	13.499064	-21.203191	0	T:24.0(7.04%),B:566.0(1.49%),P:1e-9
0.155	0.001	0.013	0.831
0.299	0.141	0.001	0.559
0.723	0.001	0.001	0.275
0.142	0.157	0.155	0.546
0.296	0.001	0.405	0.298
0.567	0.001	0.156	0.276
0.702	0.001	0.001	0.296
0.985	0.001	0.001	0.013
0.001	0.001	0.001	0.997
0.141	0.001	0.001	0.857
0.997	0.001	0.001	0.001
0.142	0.001	0.262	0.595
0.001	0.141	0.001	0.857
0.001	0.716	0.001	0.282
0.299	0.283	0.404	0.014
0.439	0.001	0.262	0.298
0.545	0.156	0.001	0.298
0.155	0.001	0.001	0.843
0.562	0.001	0.141	0.296
0.141	0.001	0.013	0.845
>WNHWWNTCATTGACWWWWHH	14-WNHWWNTCATTGACWWWWHH	9.144965	-15.099728	0	T:58.0(17.01%),B:3217.0(8.45%),P:1e-6
0.413	0.136	0.122	0.329
0.315	0.180	0.187	0.318
0.316	0.220	0.122	0.342
0.330	0.142	0.134	0.394
0.276	0.200	0.161	0.363
0.316	0.181	0.180	0.322
0.045	0.026	0.026	0.903
0.045	0.891	0.032	0.032
0.859	0.019	0.045	0.077
0.032	0.013	0.026	0.929
0.032	0.013	0.013	0.942
0.059	0.039	0.844	0.058
0.865	0.026	0.019	0.090
0.071	0.858	0.013	0.058
0.336	0.219	0.064	0.380
0.388	0.149	0.110	0.354
0.389	0.174	0.128	0.309
0.310	0.116	0.142	0.432
0.342	0.193	0.129	0.336
0.321	0.206	0.169	0.304
