>NNYTNNYCVD	motif1	4.70742403722102
0.296	0.243	0.149	0.312
0.393	0.300	0.115	0.192
0.020	0.351	0.145	0.483
0.190	0.016	0.157	0.637
0.454	0.251	0.152	0.143
0.475	0.153	0.107	0.265
0.013	0.391	0.127	0.468
0.009	0.613	0.292	0.086
0.278	0.250	0.255	0.217
0.337	0.085	0.268	0.310
>KNNNNNNNVA	motif2	3.95708883753616
0.010	0.084	0.405	0.500
0.191	0.332	0.287	0.190
0.222	0.361	0.286	0.131
0.084	0.255	0.198	0.463
0.366	0.184	0.220	0.230
0.336	0.066	0.207	0.391
0.209	0.302	0.346	0.144
0.318	0.055	0.380	0.246
0.335	0.312	0.319	0.034
0.527	0.232	0.174	0.067
>DNNWNNNDSN	motif3	4.43788804981034
0.293	0.064	0.372	0.272
0.290	0.405	0.245	0.061
0.137	0.413	0.177	0.272
0.312	0.044	0.075	0.569
0.133	0.161	0.235	0.471
0.290	0.211	0.311	0.188
0.197	0.068	0.470	0.266
0.271	0.072	0.325	0.333
0.048	0.287	0.551	0.115
0.206	0.293	0.141	0.359
>NBSVNNWRGN	motif4	4.06362131950124
0.212	0.308	0.134	0.346
0.036	0.297	0.253	0.415
0.155	0.404	0.373	0.068
0.294	0.294	0.271	0.141
0.173	0.203	0.441	0.182
0.259	0.090	0.207	0.444
0.410	0.039	0.173	0.378
0.387	0.134	0.406	0.073
0.153	0.239	0.515	0.092
0.302	0.200	0.364	0.135
>MAHGKSNNRS	motif5	5.15752967709958
0.417	0.474	0.039	0.070
0.652	0.147	0.152	0.050
0.334	0.266	0.028	0.373
0.233	0.016	0.676	0.075
0.212	0.034	0.487	0.266
0.114	0.494	0.269	0.123
0.192	0.102	0.353	0.352
0.228	0.246	0.222	0.305
0.351	0.007	0.413	0.229
0.118	0.422	0.444	0.017
