>NNNNNNMTATATAHNNNNNN	1-NNNNNNMTATATAHNNNNNN	4.979592	-41.500273	0	T:189.0(55.43%),B:12271.0(32.21%),P:1e-18
0.250	0.250	0.250	0.250
0.250	0.250	0.250	0.250
0.250	0.250	0.250	0.250
0.250	0.250	0.250	0.250
0.250	0.250	0.250	0.250
0.250	0.250	0.250	0.250
0.335	0.368	0.089	0.208
0.174	0.184	0.107	0.535
0.517	0.171	0.144	0.168
0.097	0.162	0.098	0.643
0.522	0.141	0.225	0.112
0.109	0.209	0.137	0.545
0.532	0.113	0.176	0.179
0.339	0.341	0.096	0.224
0.250	0.250	0.250	0.250
0.250	0.250	0.250	0.250
0.250	0.250	0.250	0.250
0.250	0.250	0.250	0.250
0.250	0.250	0.250	0.250
0.250	0.250	0.250	0.250
>WTTGTTGTGKTAGTATTAAT	2-WTTGTTGTGKTAGTATTAAT	14.585224	-37.883257	0	T:12.0(3.52%),B:26.0(0.07%),P:1e-16
0.483	0.001	0.023	0.493
0.321	0.001	0.001	0.677
0.332	0.001	0.184	0.483
0.001	0.001	0.666	0.332
0.001	0.161	0.161	0.677
0.161	0.001	0.161	0.677
0.001	0.001	0.997	0.001
0.001	0.001	0.001	0.997
0.001	0.001	0.997	0.001
0.001	0.001	0.505	0.493
0.001	0.001	0.001	0.997
0.997	0.001	0.001	0.001
0.001	0.001	0.997	0.001
0.001	0.001	0.001	0.997
0.506	0.001	0.161	0.332
0.322	0.184	0.011	0.483
0.321	0.001	0.001	0.677
0.483	0.172	0.161	0.184
0.838	0.001	0.001	0.160
0.161	0.001	0.161	0.677
>NNNNNNATGACGTANNNNNN	4-NNNNNNATGACGTANNNNNN	6.858131	-30.182288	0	T:111.0(32.55%),B:6164.0(16.18%),P:1e-13
0.250	0.250	0.250	0.250
0.250	0.250	0.250	0.250
0.250	0.250	0.250	0.250
0.250	0.250	0.250	0.250
0.250	0.250	0.250	0.250
0.250	0.250	0.250	0.250
0.843	0.015	0.106	0.036
0.001	0.027	0.001	0.971
0.088	0.001	0.769	0.142
0.997	0.001	0.001	0.001
0.165	0.723	0.001	0.111
0.001	0.017	0.981	0.001
0.054	0.001	0.001	0.944
0.820	0.001	0.103	0.076
0.250	0.250	0.250	0.250
0.250	0.250	0.250	0.250
0.250	0.250	0.250	0.250
0.250	0.250	0.250	0.250
0.250	0.250	0.250	0.250
0.250	0.250	0.250	0.250

