ID motif1
P0	A	C	G	T
01	30	24	15	31	N
02	40	30	11	19	N
03	2	35	14	49	Y
04	19	2	16	63	T
05	46	25	15	14	N
06	47	15	11	27	N
07	1	39	13	47	Y
08	1	61	29	9	C
09	27	25	26	22	V
10	33	9	27	31	D
XX
//
ID motif2
P0	A	C	G	T
01	1	8	41	50	K
02	19	33	29	19	N
03	22	36	29	13	N
04	8	26	20	46	N
05	37	18	22	23	N
06	34	7	21	38	N
07	21	30	35	14	N
08	32	6	37	25	N
09	34	31	32	3	V
10	53	23	17	7	A
XX
//
ID motif3
P0	A	C	G	T
01	29	6	38	27	D
02	29	41	24	6	N
03	14	41	18	27	N
04	31	4	8	57	W
05	13	16	24	47	N
06	29	21	31	19	N
07	20	7	46	27	N
08	27	7	32	34	D
09	5	29	55	11	S
10	21	29	14	36	N
XX
//
ID motif4
P0	A	C	G	T
01	21	31	13	35	N
02	4	30	25	41	B
03	15	41	37	7	S
04	30	29	27	14	V
05	17	20	45	18	N
06	26	9	21	44	N
07	41	4	17	38	W
08	39	13	41	7	R
09	15	24	52	9	G
10	30	20	37	13	N
XX
//
ID motif5
P0	A	C	G	T
01	42	47	4	7	M
02	65	15	15	5	A
03	33	27	3	37	H
04	23	2	68	7	G
05	21	3	49	27	K
06	11	50	27	12	S
07	19	10	36	35	N
08	23	25	22	30	N
09	35	1	41	23	R
10	12	42	44	2	S
XX
//
